0 1
0 2
0 3
0 4
4 5
4 6
4 7
3 8
3 9
3 10
10 11
10 12
10 13
7 14
7 15
7 13
13 16
13 17
2 18
2 19
2 6
6 20
6 21
19 22
19 23
19 24
24 25
24 26
24 27
21 28
21 29
21 27
27 30
27 31
9 32
9 23
9 12
12 33
12 34
23 35
23 26
26 36
26 37
34 38
34 39
34 37
37 40
37 41
15 42
15 29
15 17
17 43
17 39
29 44
29 31
31 45
31 41
39 46
39 41
41 47
1 48
1 8
1 5
5 49
5 14
8 50
8 11
11 51
11 16
14 52
14 16
16 53
48 54
48 55
48 49
49 56
49 57
55 58
55 59
55 60
60 61
60 62
60 63
57 64
57 65
57 63
63 66
63 67
50 68
50 59
50 51
51 69
51 70
59 71
59 62
62 72
62 73
70 74
70 75
70 73
73 76
73 77
52 78
52 65
52 53
53 79
53 75
65 80
65 67
67 81
67 77
75 82
75 77
77 83
18 54
18 22
18 20
20 56
20 28
22 84
22 25
25 85
25 30
28 86
28 30
30 87
54 58
54 56
56 64
58 88
58 61
61 89
61 66
64 90
64 66
66 91
84 92
84 88
84 85
85 93
85 94
88 95
88 89
89 96
89 97
94 98
94 99
94 97
97 100
97 101
86 102
86 90
86 87
87 103
87 99
90 104
90 91
91 105
91 101
99 106
99 101
101 107
32 68
32 35
32 33
33 69
33 38
35 92
35 36
36 93
36 40
38 108
38 40
40 109
68 71
68 69
69 74
71 95
71 72
72 96
72 76
74 110
74 76
76 111
92 95
92 93
93 98
95 96
96 100
98 112
98 100
100 113
108 114
108 110
108 109
109 115
109 112
110 116
110 111
111 117
111 113
112 118
112 113
113 119
42 78
42 44
42 43
43 79
43 46
44 102
44 45
45 103
45 47
46 114
46 47
47 115
78 80
78 79
79 82
80 104
80 81
81 105
81 83
82 116
82 83
83 117
102 104
102 103
103 106
104 105
105 107
106 118
106 107
107 119
114 116
114 115
115 118
116 117
117 119
118 119
