0 1
0 2
0 3
0 4
0 5
5 6
5 7
5 8
5 9
4 10
4 11
4 12
4 13
13 14
13 15
13 16
13 17
9 18
9 19
9 20
9 17
17 21
17 22
17 23
3 24
3 25
3 26
3 8
8 27
8 28
8 29
26 30
26 31
26 32
26 33
33 34
33 35
33 36
33 37
29 38
29 39
29 40
29 37
37 41
37 42
37 43
12 44
12 45
12 32
12 16
16 46
16 47
16 48
32 49
32 50
32 36
36 51
36 52
36 53
48 54
48 55
48 56
48 53
53 57
53 58
53 59
20 60
20 61
20 40
20 23
23 62
23 63
23 56
40 64
40 65
40 43
43 66
43 67
43 59
56 68
56 69
56 59
59 70
59 71
2 72
2 73
2 11
2 7
7 74
7 75
7 19
11 76
11 77
11 15
15 78
15 79
15 22
19 80
19 81
19 22
22 82
22 83
73 84
73 85
73 86
73 75
75 87
75 88
75 89
86 90
86 91
86 92
86 93
93 94
93 95
93 96
93 97
89 98
89 99
89 100
89 97
97 101
97 102
97 103
77 104
77 105
77 92
77 79
79 106
79 107
79 108
92 109
92 110
92 96
96 111
96 112
96 113
108 114
108 115
108 116
108 113
113 117
113 118
113 119
81 120
81 121
81 100
81 83
83 122
83 123
83 116
100 124
100 125
100 103
103 126
103 127
103 119
116 128
116 129
116 119
119 130
119 131
25 132
25 85
25 31
25 28
28 133
28 88
28 39
31 134
31 135
31 35
35 136
35 137
35 42
39 138
39 139
39 42
42 140
42 141
85 142
85 91
85 88
88 143
88 99
91 144
91 145
91 95
95 146
95 147
95 102
99 148
99 149
99 102
102 150
102 151
135 152
135 153
135 145
135 137
137 154
137 155
137 156
145 157
145 158
145 147
147 159
147 160
147 161
156 162
156 163
156 164
156 161
161 165
161 166
161 167
139 168
139 169
139 149
139 141
141 170
141 171
141 164
149 172
149 173
149 151
151 174
151 175
151 167
164 176
164 177
164 167
167 178
167 179
45 180
45 105
45 50
45 47
47 181
47 107
47 55
50 182
50 153
50 52
52 183
52 155
52 58
55 184
55 185
55 58
58 186
58 187
105 188
105 110
105 107
107 189
107 115
110 190
110 158
110 112
112 191
112 160
112 118
115 192
115 193
115 118
118 194
118 195
153 196
153 158
153 155
155 197
155 163
158 198
158 160
160 199
160 166
163 200
163 201
163 166
166 202
166 203
185 204
185 205
185 193
185 187
187 206
187 207
187 201
193 208
193 209
193 195
195 210
195 211
195 203
201 212
201 213
201 203
203 214
203 215
61 216
61 121
61 65
61 63
63 217
63 123
63 69
65 218
65 169
65 67
67 219
67 171
67 71
69 220
69 205
69 71
71 221
71 207
121 222
121 125
121 123
123 223
123 129
125 224
125 173
125 127
127 225
127 175
127 131
129 226
129 209
129 131
131 227
131 211
169 228
169 173
169 171
171 229
171 177
173 230
173 175
175 231
175 179
177 232
177 213
177 179
179 233
179 215
205 234
205 209
205 207
207 235
207 213
209 236
209 211
211 237
211 215
213 238
213 215
215 239
1 240
1 24
1 10
1 6
6 241
6 27
6 18
10 242
10 44
10 14
14 243
14 46
14 21
18 244
18 60
18 21
21 245
21 62
24 246
24 30
24 27
27 247
27 38
30 248
30 49
30 34
34 249
34 51
34 41
38 250
38 64
38 41
41 251
41 66
44 252
44 49
44 46
46 253
46 54
49 254
49 51
51 255
51 57
54 256
54 68
54 57
57 257
57 70
60 258
60 64
60 62
62 259
62 68
64 260
64 66
66 261
66 70
68 262
68 70
70 263
240 264
240 265
240 242
240 241
241 266
241 267
241 244
242 268
242 269
242 243
243 270
243 271
243 245
244 272
244 273
244 245
245 274
245 275
265 276
265 277
265 278
265 267
267 279
267 280
267 281
278 282
278 283
278 284
278 285
285 286
285 287
285 288
285 289
281 290
281 291
281 292
281 289
289 293
289 294
289 295
269 296
269 297
269 284
269 271
271 298
271 299
271 300
284 301
284 302
284 288
288 303
288 304
288 305
300 306
300 307
300 308
300 305
305 309
305 310
305 311
273 312
273 313
273 292
273 275
275 314
275 315
275 308
292 316
292 317
292 295
295 318
295 319
295 311
308 320
308 321
308 311
311 322
311 323
246 324
246 277
246 248
246 247
247 325
247 280
247 250
248 326
248 327
248 249
249 328
249 329
249 251
250 330
250 331
250 251
251 332
251 333
277 334
277 283
277 280
280 335
280 291
283 336
283 337
283 287
287 338
287 339
287 294
291 340
291 341
291 294
294 342
294 343
327 344
327 345
327 337
327 329
329 346
329 347
329 348
337 349
337 350
337 339
339 351
339 352
339 353
348 354
348 355
348 356
348 353
353 357
353 358
353 359
331 360
331 361
331 341
331 333
333 362
333 363
333 356
341 364
341 365
341 343
343 366
343 367
343 359
356 368
356 369
356 359
359 370
359 371
252 372
252 297
252 254
252 253
253 373
253 299
253 256
254 374
254 345
254 255
255 375
255 347
255 257
256 376
256 377
256 257
257 378
257 379
297 380
297 302
297 299
299 381
299 307
302 382
302 350
302 304
304 383
304 352
304 310
307 384
307 385
307 310
310 386
310 387
345 388
345 350
345 347
347 389
347 355
350 390
350 352
352 391
352 358
355 392
355 393
355 358
358 394
358 395
377 396
377 397
377 385
377 379
379 398
379 399
379 393
385 400
385 401
385 387
387 402
387 403
387 395
393 404
393 405
393 395
395 406
395 407
258 408
258 313
258 260
258 259
259 409
259 315
259 262
260 410
260 361
260 261
261 411
261 363
261 263
262 412
262 397
262 263
263 413
263 399
313 414
313 317
313 315
315 415
315 321
317 416
317 365
317 319
319 417
319 367
319 323
321 418
321 401
321 323
323 419
323 403
361 420
361 365
361 363
363 421
363 369
365 422
365 367
367 423
367 371
369 424
369 405
369 371
371 425
371 407
397 426
397 401
397 399
399 427
399 405
401 428
401 403
403 429
403 407
405 430
405 407
407 431
72 264
72 84
72 76
72 74
74 266
74 87
74 80
76 268
76 104
76 78
78 270
78 106
78 82
80 272
80 120
80 82
82 274
82 122
84 432
84 90
84 87
87 433
87 98
90 434
90 109
90 94
94 435
94 111
94 101
98 436
98 124
98 101
101 437
101 126
104 438
104 109
104 106
106 439
106 114
109 440
109 111
111 441
111 117
114 442
114 128
114 117
117 443
117 130
120 444
120 124
120 122
122 445
122 128
124 446
124 126
126 447
126 130
128 448
128 130
130 449
264 276
264 268
264 266
266 279
266 272
268 296
268 270
270 298
270 274
272 312
272 274
274 314
276 450
276 282
276 279
279 451
279 290
282 452
282 301
282 286
286 453
286 303
286 293
290 454
290 316
290 293
293 455
293 318
296 456
296 301
296 298
298 457
298 306
301 458
301 303
303 459
303 309
306 460
306 320
306 309
309 461
309 322
312 462
312 316
312 314
314 463
314 320
316 464
316 318
318 465
318 322
320 466
320 322
322 467
432 468
432 450
432 434
432 433
433 469
433 451
433 436
434 470
434 471
434 435
435 472
435 473
435 437
436 474
436 475
436 437
437 476
437 477
450 478
450 452
450 451
451 479
451 454
452 480
452 481
452 453
453 482
453 483
453 455
454 484
454 485
454 455
455 486
455 487
471 488
471 489
471 481
471 473
473 490
473 491
473 492
481 493
481 494
481 483
483 495
483 496
483 497
492 498
492 499
492 500
492 497
497 501
497 502
497 503
475 504
475 505
475 485
475 477
477 506
477 507
477 500
485 508
485 509
485 487
487 510
487 511
487 503
500 512
500 513
500 503
503 514
503 515
438 516
438 456
438 440
438 439
439 517
439 457
439 442
440 518
440 489
440 441
441 519
441 491
441 443
442 520
442 521
442 443
443 522
443 523
456 524
456 458
456 457
457 525
457 460
458 526
458 494
458 459
459 527
459 496
459 461
460 528
460 529
460 461
461 530
461 531
489 532
489 494
489 491
491 533
491 499
494 534
494 496
496 535
496 502
499 536
499 537
499 502
502 538
502 539
521 540
521 541
521 529
521 523
523 542
523 543
523 537
529 544
529 545
529 531
531 546
531 547
531 539
537 548
537 549
537 539
539 550
539 551
444 552
444 462
444 446
444 445
445 553
445 463
445 448
446 554
446 505
446 447
447 555
447 507
447 449
448 556
448 541
448 449
449 557
449 543
462 558
462 464
462 463
463 559
463 466
464 560
464 509
464 465
465 561
465 511
465 467
466 562
466 545
466 467
467 563
467 547
505 564
505 509
505 507
507 565
507 513
509 566
509 511
511 567
511 515
513 568
513 549
513 515
515 569
515 551
541 570
541 545
541 543
543 571
543 549
545 572
545 547
547 573
547 551
549 574
549 551
551 575
132 324
132 142
132 134
132 133
133 325
133 143
133 138
134 326
134 152
134 136
136 328
136 154
136 140
138 330
138 168
138 140
140 332
140 170
142 468
142 144
142 143
143 469
143 148
144 470
144 157
144 146
146 472
146 159
146 150
148 474
148 172
148 150
150 476
150 174
152 576
152 157
152 154
154 577
154 162
157 578
157 159
159 579
159 165
162 580
162 176
162 165
165 581
165 178
168 582
168 172
168 170
170 583
170 176
172 584
172 174
174 585
174 178
176 586
176 178
178 587
324 334
324 326
324 325
325 335
325 330
326 344
326 328
328 346
328 332
330 360
330 332
332 362
334 478
334 336
334 335
335 479
335 340
336 480
336 349
336 338
338 482
338 351
338 342
340 484
340 364
340 342
342 486
342 366
344 588
344 349
344 346
346 589
346 354
349 590
349 351
351 591
351 357
354 592
354 368
354 357
357 593
357 370
360 594
360 364
360 362
362 595
362 368
364 596
364 366
366 597
366 370
368 598
368 370
370 599
468 478
468 470
468 469
469 479
469 474
470 488
470 472
472 490
472 476
474 504
474 476
476 506
478 480
478 479
479 484
480 493
480 482
482 495
482 486
484 508
484 486
486 510
488 600
488 493
488 490
490 601
490 498
493 602
493 495
495 603
495 501
498 604
498 512
498 501
501 605
501 514
504 606
504 508
504 506
506 607
506 512
508 608
508 510
510 609
510 514
512 610
512 514
514 611
576 612
576 588
576 578
576 577
577 613
577 589
577 580
578 614
578 600
578 579
579 615
579 601
579 581
580 616
580 617
580 581
581 618
581 619
588 620
588 590
588 589
589 621
589 592
590 622
590 602
590 591
591 623
591 603
591 593
592 624
592 625
592 593
593 626
593 627
600 628
600 602
600 601
601 629
601 604
602 630
602 603
603 631
603 605
604 632
604 633
604 605
605 634
605 635
617 636
617 637
617 625
617 619
619 638
619 639
619 633
625 640
625 641
625 627
627 642
627 643
627 635
633 644
633 645
633 635
635 646
635 647
582 648
582 594
582 584
582 583
583 649
583 595
583 586
584 650
584 606
584 585
585 651
585 607
585 587
586 652
586 637
586 587
587 653
587 639
594 654
594 596
594 595
595 655
595 598
596 656
596 608
596 597
597 657
597 609
597 599
598 658
598 641
598 599
599 659
599 643
606 660
606 608
606 607
607 661
607 610
608 662
608 609
609 663
609 611
610 664
610 645
610 611
611 665
611 647
637 666
637 641
637 639
639 667
639 645
641 668
641 643
643 669
643 647
645 670
645 647
647 671
180 372
180 188
180 182
180 181
181 373
181 189
181 184
182 374
182 196
182 183
183 375
183 197
183 186
184 376
184 204
184 186
186 378
186 206
188 516
188 190
188 189
189 517
189 192
190 518
190 198
190 191
191 519
191 199
191 194
192 520
192 208
192 194
194 522
194 210
196 612
196 198
196 197
197 613
197 200
198 614
198 199
199 615
199 202
200 616
200 212
200 202
202 618
202 214
204 672
204 208
204 206
206 673
206 212
208 674
208 210
210 675
210 214
212 676
212 214
214 677
372 380
372 374
372 373
373 381
373 376
374 388
374 375
375 389
375 378
376 396
376 378
378 398
380 524
380 382
380 381
381 525
381 384
382 526
382 390
382 383
383 527
383 391
383 386
384 528
384 400
384 386
386 530
386 402
388 620
388 390
388 389
389 621
389 392
390 622
390 391
391 623
391 394
392 624
392 404
392 394
394 626
394 406
396 678
396 400
396 398
398 679
398 404
400 680
400 402
402 681
402 406
404 682
404 406
406 683
516 524
516 518
516 517
517 525
517 520
518 532
518 519
519 533
519 522
520 540
520 522
522 542
524 526
524 525
525 528
526 534
526 527
527 535
527 530
528 544
528 530
530 546
532 628
532 534
532 533
533 629
533 536
534 630
534 535
535 631
535 538
536 632
536 548
536 538
538 634
538 550
540 684
540 544
540 542
542 685
542 548
544 686
544 546
546 687
546 550
548 688
548 550
550 689
612 620
612 614
612 613
613 621
613 616
614 628
614 615
615 629
615 618
616 636
616 618
618 638
620 622
620 621
621 624
622 630
622 623
623 631
623 626
624 640
624 626
626 642
628 630
628 629
629 632
630 631
631 634
632 644
632 634
634 646
636 690
636 640
636 638
638 691
638 644
640 692
640 642
642 693
642 646
644 694
644 646
646 695
672 696
672 678
672 674
672 673
673 697
673 679
673 676
674 698
674 684
674 675
675 699
675 685
675 677
676 700
676 690
676 677
677 701
677 691
678 702
678 680
678 679
679 703
679 682
680 704
680 686
680 681
681 705
681 687
681 683
682 706
682 692
682 683
683 707
683 693
684 708
684 686
684 685
685 709
685 688
686 710
686 687
687 711
687 689
688 712
688 694
688 689
689 713
689 695
690 714
690 692
690 691
691 715
691 694
692 716
692 693
693 717
693 695
694 718
694 695
695 719
216 408
216 222
216 218
216 217
217 409
217 223
217 220
218 410
218 228
218 219
219 411
219 229
219 221
220 412
220 234
220 221
221 413
221 235
222 552
222 224
222 223
223 553
223 226
224 554
224 230
224 225
225 555
225 231
225 227
226 556
226 236
226 227
227 557
227 237
228 648
228 230
228 229
229 649
229 232
230 650
230 231
231 651
231 233
232 652
232 238
232 233
233 653
233 239
234 696
234 236
234 235
235 697
235 238
236 698
236 237
237 699
237 239
238 700
238 239
239 701
408 414
408 410
408 409
409 415
409 412
410 420
410 411
411 421
411 413
412 426
412 413
413 427
414 558
414 416
414 415
415 559
415 418
416 560
416 422
416 417
417 561
417 423
417 419
418 562
418 428
418 419
419 563
419 429
420 654
420 422
420 421
421 655
421 424
422 656
422 423
423 657
423 425
424 658
424 430
424 425
425 659
425 431
426 702
426 428
426 427
427 703
427 430
428 704
428 429
429 705
429 431
430 706
430 431
431 707
552 558
552 554
552 553
553 559
553 556
554 564
554 555
555 565
555 557
556 570
556 557
557 571
558 560
558 559
559 562
560 566
560 561
561 567
561 563
562 572
562 563
563 573
564 660
564 566
564 565
565 661
565 568
566 662
566 567
567 663
567 569
568 664
568 574
568 569
569 665
569 575
570 708
570 572
570 571
571 709
571 574
572 710
572 573
573 711
573 575
574 712
574 575
575 713
648 654
648 650
648 649
649 655
649 652
650 660
650 651
651 661
651 653
652 666
652 653
653 667
654 656
654 655
655 658
656 662
656 657
657 663
657 659
658 668
658 659
659 669
660 662
660 661
661 664
662 663
663 665
664 670
664 665
665 671
666 714
666 668
666 667
667 715
667 670
668 716
668 669
669 717
669 671
670 718
670 671
671 719
696 702
696 698
696 697
697 703
697 700
698 708
698 699
699 709
699 701
700 714
700 701
701 715
702 704
702 703
703 706
704 710
704 705
705 711
705 707
706 716
706 707
707 717
708 710
708 709
709 712
710 711
711 713
712 718
712 713
713 719
714 716
714 715
715 718
716 717
717 719
718 719
